5.50000000000000E+0002  1.35438000000000E+0005
 5.49980000000000E+0002  1.36713000000000E+0005
 5.49960000000000E+0002  1.36570000000000E+0005
 5.49940000000000E+0002  1.36254000000000E+0005
 5.49920000000000E+0002  1.33336000000000E+0005
 5.49900000000000E+0002  1.33155000000000E+0005
 5.49880000000000E+0002  1.34543000000000E+0005
 5.49860000000000E+0002  1.35920000000000E+0005
 5.49840000000000E+0002  1.36272000000000E+0005
 5.49820000000000E+0002  1.36885000000000E+0005
 5.49800000000000E+0002  1.36486000000000E+0005
 5.49780000000000E+0002  1.39351000000000E+0005
 5.49760000000000E+0002  1.40061000000000E+0005
 5.49740000000000E+0002  1.38403000000000E+0005
 5.49720000000000E+0002  1.36990000000000E+0005
 5.49700000000000E+0002  1.35338000000000E+0005
 5.49680000000000E+0002  1.35415000000000E+0005
 5.49660000000000E+0002  1.37665000000000E+0005
 5.49640000000000E+0002  1.36443000000000E+0005
 5.49620000000000E+0002  1.35376000000000E+0005
 5.49600000000000E+0002  1.35404000000000E+0005
 5.49580000000000E+0002  1.34109000000000E+0005
 5.49560000000000E+0002  1.33046000000000E+0005
 5.49540000000000E+0002  1.36138000000000E+0005
 5.49520000000000E+0002  1.36790000000000E+0005
 5.49500000000000E+0002  1.37687000000000E+0005
 5.49480000000000E+0002  1.35895000000000E+0005
 5.49460000000000E+0002  1.34342000000000E+0005
 5.49440000000000E+0002  1.34136000000000E+0005
 5.49420000000000E+0002  1.33339000000000E+0005
 5.49400000000000E+0002  1.33832000000000E+0005
 5.49380000000000E+0002  1.35665000000000E+0005
 5.49360000000000E+0002  1.35319000000000E+0005
 5.49340000000000E+0002  1.34818000000000E+0005
 5.49320000000000E+0002  1.33660000000000E+0005
 5.49300000000000E+0002  1.35545000000000E+0005
 5.49280000000000E+0002  1.36116000000000E+0005
 5.49260000000000E+0002  1.34594000000000E+0005
 5.49240000000000E+0002  1.34094000000000E+0005
 5.49220000000000E+0002  1.32978000000000E+0005
 5.49200000000000E+0002  1.34844000000000E+0005
 5.49180000000000E+0002  1.34763000000000E+0005
 5.49160000000000E+0002  1.32365000000000E+0005
 5.49140000000000E+0002  1.33482000000000E+0005
 5.49120000000000E+0002  1.35307000000000E+0005
 5.49100000000000E+0002  1.36565000000000E+0005
 5.49080000000000E+0002  1.37256000000000E+0005
 5.49060000000000E+0002  1.37250000000000E+0005
 5.49040000000000E+0002  1.37843000000000E+0005
 5.49020000000000E+0002  1.34305000000000E+0005
 5.49000000000000E+0002  1.34970000000000E+0005
 5.48980000000000E+0002  1.36320000000000E+0005
 5.48960000000000E+0002  1.35833000000000E+0005
 5.48940000000000E+0002  1.35221000000000E+0005
 5.48920000000000E+0002  1.35110000000000E+0005
 5.48900000000000E+0002  1.35109000000000E+0005
 5.48880000000000E+0002  1.36361000000000E+0005
 5.48860000000000E+0002  1.36454000000000E+0005
 5.48840000000000E+0002  1.35060000000000E+0005
 5.48820000000000E+0002  1.32213000000000E+0005
 5.48800000000000E+0002  1.32262000000000E+0005
 5.48780000000000E+0002  1.34477000000000E+0005
 5.48760000000000E+0002  1.35568000000000E+0005
 5.48740000000000E+0002  1.34549000000000E+0005
 5.48720000000000E+0002  1.33123000000000E+0005
 5.48700000000000E+0002  1.34556000000000E+0005
 5.48680000000000E+0002  1.34717000000000E+0005
 5.48660000000000E+0002  1.34280000000000E+0005
 5.48640000000000E+0002  1.34933000000000E+0005
 5.48620000000000E+0002  1.36306000000000E+0005
 5.48600000000000E+0002  1.34441000000000E+0005
 5.48580000000000E+0002  1.32325000000000E+0005
 5.48560000000000E+0002  1.32921000000000E+0005
 5.48540000000000E+0002  1.34127000000000E+0005
 5.48520000000000E+0002  1.34712000000000E+0005
 5.48500000000000E+0002  1.34274000000000E+0005
 5.48480000000000E+0002  1.35240000000000E+0005
 5.48460000000000E+0002  1.33527000000000E+0005
 5.48440000000000E+0002  1.32679000000000E+0005
 5.48420000000000E+0002  1.32640000000000E+0005
 5.48400000000000E+0002  1.32876000000000E+0005
 5.48380000000000E+0002  1.34132000000000E+0005
 5.48360000000000E+0002  1.35395000000000E+0005
 5.48340000000000E+0002  1.35794000000000E+0005
 5.48320000000000E+0002  1.33023000000000E+0005
 5.48300000000000E+0002  1.32774000000000E+0005
 5.48280000000000E+0002  1.33038000000000E+0005
 5.48260000000000E+0002  1.33502000000000E+0005
 5.48240000000000E+0002  1.35338000000000E+0005
 5.48220000000000E+0002  1.36588000000000E+0005
 5.48200000000000E+0002  1.33922000000000E+0005
 5.48180000000000E+0002  1.34496000000000E+0005
 5.48160000000000E+0002  1.35001000000000E+0005
 5.48140000000000E+0002  1.35035000000000E+0005
 5.48120000000000E+0002  1.35771000000000E+0005
 5.48100000000000E+0002  1.35093000000000E+0005
 5.48080000000000E+0002  1.31414000000000E+0005
 5.48060000000000E+0002  1.30230000000000E+0005
 5.48040000000000E+0002  1.31033000000000E+0005
 5.48020000000000E+0002  1.32765000000000E+0005
 5.48000000000000E+0002  1.35515000000000E+0005
 5.47980000000000E+0002  1.34310000000000E+0005
 5.47960000000000E+0002  1.33067000000000E+0005
 5.47940000000000E+0002  1.33118000000000E+0005
 5.47920000000000E+0002  1.32967000000000E+0005
 5.47900000000000E+0002  1.32156000000000E+0005
 5.47880000000000E+0002  1.31368000000000E+0005
 5.47860000000000E+0002  1.32542000000000E+0005
 5.47840000000000E+0002  1.33008000000000E+0005
 5.47820000000000E+0002  1.32365000000000E+0005
 5.47800000000000E+0002  1.31540000000000E+0005
 5.47780000000000E+0002  1.32730000000000E+0005
 5.47760000000000E+0002  1.31069000000000E+0005
 5.47740000000000E+0002  1.30790000000000E+0005
 5.47720000000000E+0002  1.32994000000000E+0005
 5.47700000000000E+0002  1.33508000000000E+0005
 5.47680000000000E+0002  1.32119000000000E+0005
 5.47660000000000E+0002  1.32264000000000E+0005
 5.47640000000000E+0002  1.32520000000000E+0005
 5.47620000000000E+0002  1.34027000000000E+0005
 5.47600000000000E+0002  1.32919000000000E+0005
 5.47580000000000E+0002  1.32065000000000E+0005
 5.47560000000000E+0002  1.30671000000000E+0005
 5.47540000000000E+0002  1.30370000000000E+0005
 5.47520000000000E+0002  1.33993000000000E+0005
 5.47500000000000E+0002  1.34017000000000E+0005
 5.47480000000000E+0002  1.31499000000000E+0005
 5.47460000000000E+0002  1.31272000000000E+0005
 5.47440000000000E+0002  1.32099000000000E+0005
 5.47420000000000E+0002  1.32861000000000E+0005
 5.47400000000000E+0002  1.31133000000000E+0005
 5.47380000000000E+0002  1.31167000000000E+0005
 5.47360000000000E+0002  1.29749000000000E+0005
 5.47340000000000E+0002  1.32024000000000E+0005
 5.47320000000000E+0002  1.32191000000000E+0005
 5.47300000000000E+0002  1.32485000000000E+0005
 5.47280000000000E+0002  1.32057000000000E+0005
 5.47260000000000E+0002  1.33623000000000E+0005
 5.47240000000000E+0002  1.34535000000000E+0005
 5.47220000000000E+0002  1.33027000000000E+0005
 5.47200000000000E+0002  1.30713000000000E+0005
 5.47180000000000E+0002  1.32069000000000E+0005
 5.47160000000000E+0002  1.33455000000000E+0005
 5.47140000000000E+0002  1.32287000000000E+0005
 5.47120000000000E+0002  1.31352000000000E+0005
 5.47100000000000E+0002  1.31804000000000E+0005
 5.47080000000000E+0002  1.32848000000000E+0005
 5.47060000000000E+0002  1.33834000000000E+0005
 5.47040000000000E+0002  1.35238000000000E+0005
 5.47020000000000E+0002  1.33703000000000E+0005
 5.47000000000000E+0002  1.31002000000000E+0005
 5.46980000000000E+0002  1.31874000000000E+0005
 5.46960000000000E+0002  1.34366000000000E+0005
 5.46940000000000E+0002  1.33610000000000E+0005
 5.46920000000000E+0002  1.34374000000000E+0005
 5.46900000000000E+0002  1.32086000000000E+0005
 5.46880000000000E+0002  1.31249000000000E+0005
 5.46860000000000E+0002  1.33278000000000E+0005
 5.46840000000000E+0002  1.33019000000000E+0005
 5.46820000000000E+0002  1.29475000000000E+0005
 5.46800000000000E+0002  1.28806000000000E+0005
 5.46780000000000E+0002  1.30091000000000E+0005
 5.46760000000000E+0002  1.31915000000000E+0005
 5.46740000000000E+0002  1.32617000000000E+0005
 5.46720000000000E+0002  1.32563000000000E+0005
 5.46700000000000E+0002  1.34431000000000E+0005
 5.46680000000000E+0002  1.33203000000000E+0005
 5.46660000000000E+0002  1.31055000000000E+0005
 5.46640000000000E+0002  1.30708000000000E+0005
 5.46620000000000E+0002  1.32234000000000E+0005
 5.46600000000000E+0002  1.32057000000000E+0005
 5.46580000000000E+0002  1.31959000000000E+0005
 5.46560000000000E+0002  1.33002000000000E+0005
 5.46540000000000E+0002  1.31524000000000E+0005
 5.46520000000000E+0002  1.30584000000000E+0005
 5.46500000000000E+0002  1.29318000000000E+0005
 5.46480000000000E+0002  1.30201000000000E+0005
 5.46460000000000E+0002  1.32131000000000E+0005
 5.46440000000000E+0002  1.31303000000000E+0005
 5.46420000000000E+0002  1.30290000000000E+0005
 5.46400000000000E+0002  1.31701000000000E+0005
 5.46380000000000E+0002  1.30021000000000E+0005
 5.46360000000000E+0002  1.31270000000000E+0005
 5.46340000000000E+0002  1.31231000000000E+0005
 5.46320000000000E+0002  1.29789000000000E+0005
 5.46300000000000E+0002  1.29714000000000E+0005
 5.46280000000000E+0002  1.31740000000000E+0005
 5.46260000000000E+0002  1.30594000000000E+0005
 5.46240000000000E+0002  1.30355000000000E+0005
 5.46220000000000E+0002  1.32400000000000E+0005
 5.46200000000000E+0002  1.30563000000000E+0005
 5.46180000000000E+0002  1.29797000000000E+0005
 5.46160000000000E+0002  1.30862000000000E+0005
 5.46140000000000E+0002  1.31965000000000E+0005
 5.46120000000000E+0002  1.31610000000000E+0005
 5.46100000000000E+0002  1.31405000000000E+0005
 5.46080000000000E+0002  1.30969000000000E+0005
 5.46060000000000E+0002  1.31085000000000E+0005
 5.46040000000000E+0002  1.31550000000000E+0005
 5.46020000000000E+0002  1.31303000000000E+0005
 5.46000000000000E+0002  1.31515000000000E+0005
 5.45980000000000E+0002  1.30497000000000E+0005
 5.45960000000000E+0002  1.30395000000000E+0005
 5.45940000000000E+0002  1.30494000000000E+0005
 5.45920000000000E+0002  1.32748000000000E+0005
 5.45900000000000E+0002  1.30738000000000E+0005
 5.45880000000000E+0002  1.28586000000000E+0005
 5.45860000000000E+0002  1.30860000000000E+0005
 5.45840000000000E+0002  1.31501000000000E+0005
 5.45820000000000E+0002  1.31868000000000E+0005
 5.45800000000000E+0002  1.31696000000000E+0005
 5.45780000000000E+0002  1.29496000000000E+0005
 5.45760000000000E+0002  1.29755000000000E+0005
 5.45740000000000E+0002  1.30271000000000E+0005
 5.45720000000000E+0002  1.30389000000000E+0005
 5.45700000000000E+0002  1.31311000000000E+0005
 5.45680000000000E+0002  1.30773000000000E+0005
 5.45660000000000E+0002  1.30349000000000E+0005
 5.45640000000000E+0002  1.31036000000000E+0005
 5.45620000000000E+0002  1.32889000000000E+0005
 5.45600000000000E+0002  1.31697000000000E+0005
 5.45580000000000E+0002  1.30913000000000E+0005
 5.45560000000000E+0002  1.31802000000000E+0005
 5.45540000000000E+0002  1.30352000000000E+0005
 5.45520000000000E+0002  1.30462000000000E+0005
 5.45500000000000E+0002  1.30361000000000E+0005
 5.45480000000000E+0002  1.31074000000000E+0005
 5.45460000000000E+0002  1.29420000000000E+0005
 5.45440000000000E+0002  1.28064000000000E+0005
 5.45420000000000E+0002  1.30000000000000E+0005
 5.45400000000000E+0002  1.33221000000000E+0005
 5.45380000000000E+0002  1.30370000000000E+0005
 5.45360000000000E+0002  1.29276000000000E+0005
 5.45340000000000E+0002  1.28940000000000E+0005
 5.45320000000000E+0002  1.30400000000000E+0005
 5.45300000000000E+0002  1.31796000000000E+0005
 5.45280000000000E+0002  1.31303000000000E+0005
 5.45260000000000E+0002  1.30217000000000E+0005
 5.45240000000000E+0002  1.29808000000000E+0005
 5.45220000000000E+0002  1.28246000000000E+0005
 5.45200000000000E+0002  1.28686000000000E+0005
 5.45180000000000E+0002  1.29022000000000E+0005
 5.45160000000000E+0002  1.30206000000000E+0005
 5.45140000000000E+0002  1.29469000000000E+0005
 5.45120000000000E+0002  1.30255000000000E+0005
 5.45100000000000E+0002  1.30531000000000E+0005
 5.45080000000000E+0002  1.29781000000000E+0005
 5.45060000000000E+0002  1.28605000000000E+0005
 5.45040000000000E+0002  1.30429000000000E+0005
 5.45020000000000E+0002  1.27984000000000E+0005
 5.45000000000000E+0002  1.29210000000000E+0005
 5.44980000000000E+0002  1.28348000000000E+0005
 5.44960000000000E+0002  1.27591000000000E+0005
 5.44940000000000E+0002  1.29882000000000E+0005
 5.44920000000000E+0002  1.29755000000000E+0005
 5.44900000000000E+0002  1.29142000000000E+0005
 5.44880000000000E+0002  1.29508000000000E+0005
 5.44860000000000E+0002  1.31719000000000E+0005
 5.44840000000000E+0002  1.31948000000000E+0005
 5.44820000000000E+0002  1.31401000000000E+0005
 5.44800000000000E+0002  1.29664000000000E+0005
 5.44780000000000E+0002  1.29066000000000E+0005
 5.44760000000000E+0002  1.29097000000000E+0005
 5.44740000000000E+0002  1.28573000000000E+0005
 5.44720000000000E+0002  1.28213000000000E+0005
 5.44700000000000E+0002  1.27914000000000E+0005
 5.44680000000000E+0002  1.28317000000000E+0005
 5.44660000000000E+0002  1.30721000000000E+0005
 5.44640000000000E+0002  1.33260000000000E+0005
 5.44620000000000E+0002  1.30070000000000E+0005
 5.44600000000000E+0002  1.27864000000000E+0005
 5.44580000000000E+0002  1.28306000000000E+0005
 5.44560000000000E+0002  1.30207000000000E+0005
 5.44540000000000E+0002  1.31416000000000E+0005
 5.44520000000000E+0002  1.30883000000000E+0005
 5.44500000000000E+0002  1.30178000000000E+0005
 5.44480000000000E+0002  1.28788000000000E+0005
 5.44460000000000E+0002  1.26548000000000E+0005
 5.44440000000000E+0002  1.27336000000000E+0005
 5.44420000000000E+0002  1.29066000000000E+0005
 5.44400000000000E+0002  1.28088000000000E+0005
 5.44380000000000E+0002  1.27677000000000E+0005
 5.44360000000000E+0002  1.30446000000000E+0005
 5.44340000000000E+0002  1.28889000000000E+0005
 5.44320000000000E+0002  1.29049000000000E+0005
 5.44300000000000E+0002  1.29360000000000E+0005
 5.44280000000000E+0002  1.29738000000000E+0005
 5.44260000000000E+0002  1.29006000000000E+0005
 5.44240000000000E+0002  1.28960000000000E+0005
 5.44220000000000E+0002  1.28087000000000E+0005
 5.44200000000000E+0002  1.29660000000000E+0005
 5.44180000000000E+0002  1.30488000000000E+0005
 5.44160000000000E+0002  1.31983000000000E+0005
 5.44140000000000E+0002  1.33079000000000E+0005
 5.44120000000000E+0002  1.31831000000000E+0005
 5.44100000000000E+0002  1.32036000000000E+0005
 5.44080000000000E+0002  1.32287000000000E+0005
 5.44060000000000E+0002  1.29622000000000E+0005
 5.44040000000000E+0002  1.29365000000000E+0005
 5.44020000000000E+0002  1.28435000000000E+0005
 5.44000000000000E+0002  1.27196000000000E+0005
 5.43980000000000E+0002  1.28835000000000E+0005
 5.43960000000000E+0002  1.28785000000000E+0005
 5.43940000000000E+0002  1.28306000000000E+0005
 5.43920000000000E+0002  1.29297000000000E+0005
 5.43900000000000E+0002  1.28693000000000E+0005
 5.43880000000000E+0002  1.30066000000000E+0005
 5.43860000000000E+0002  1.30851000000000E+0005
 5.43840000000000E+0002  1.30269000000000E+0005
 5.43820000000000E+0002  1.29570000000000E+0005
 5.43800000000000E+0002  1.29404000000000E+0005
 5.43780000000000E+0002  1.29615000000000E+0005
 5.43760000000000E+0002  1.30234000000000E+0005
 5.43740000000000E+0002  1.30225000000000E+0005
 5.43720000000000E+0002  1.28499000000000E+0005
 5.43700000000000E+0002  1.27551000000000E+0005
 5.43680000000000E+0002  1.26839000000000E+0005
 5.43660000000000E+0002  1.27335000000000E+0005
 5.43640000000000E+0002  1.29271000000000E+0005
 5.43620000000000E+0002  1.29670000000000E+0005
 5.43600000000000E+0002  1.30116000000000E+0005
 5.43580000000000E+0002  1.29204000000000E+0005
 5.43560000000000E+0002  1.28291000000000E+0005
 5.43540000000000E+0002  1.29750000000000E+0005
 5.43520000000000E+0002  1.29869000000000E+0005
 5.43500000000000E+0002  1.28487000000000E+0005
 5.43480000000000E+0002  1.28905000000000E+0005
 5.43460000000000E+0002  1.29764000000000E+0005
 5.43440000000000E+0002  1.29940000000000E+0005
 5.43420000000000E+0002  1.29491000000000E+0005
 5.43400000000000E+0002  1.29610000000000E+0005
 5.43380000000000E+0002  1.30541000000000E+0005
 5.43360000000000E+0002  1.31029000000000E+0005
 5.43340000000000E+0002  1.31287000000000E+0005
 5.43320000000000E+0002  1.29419000000000E+0005
 5.43300000000000E+0002  1.28643000000000E+0005
 5.43280000000000E+0002  1.28719000000000E+0005
 5.43260000000000E+0002  1.28245000000000E+0005
 5.43240000000000E+0002  1.27759000000000E+0005
 5.43220000000000E+0002  1.28399000000000E+0005
 5.43200000000000E+0002  1.28144000000000E+0005
 5.43180000000000E+0002  1.29316000000000E+0005
 5.43160000000000E+0002  1.29028000000000E+0005
 5.43140000000000E+0002  1.28652000000000E+0005
 5.43120000000000E+0002  1.27415000000000E+0005
 5.43100000000000E+0002  1.27325000000000E+0005
 5.43080000000000E+0002  1.27043000000000E+0005
 5.43060000000000E+0002  1.26190000000000E+0005
 5.43040000000000E+0002  1.25605000000000E+0005
 5.43020000000000E+0002  1.27452000000000E+0005
 5.43000000000000E+0002  1.28033000000000E+0005
 5.42980000000000E+0002  1.27613000000000E+0005
 5.42960000000000E+0002  1.28718000000000E+0005
 5.42940000000000E+0002  1.27115000000000E+0005
 5.42920000000000E+0002  1.29149000000000E+0005
 5.42900000000000E+0002  1.28361000000000E+0005
 5.42880000000000E+0002  1.26944000000000E+0005
 5.42860000000000E+0002  1.28456000000000E+0005
 5.42840000000000E+0002  1.29191000000000E+0005
 5.42820000000000E+0002  1.29159000000000E+0005
 5.42800000000000E+0002  1.27491000000000E+0005
 5.42780000000000E+0002  1.25636000000000E+0005
 5.42760000000000E+0002  1.27165000000000E+0005
 5.42740000000000E+0002  1.29288000000000E+0005
 5.42720000000000E+0002  1.29637000000000E+0005
 5.42700000000000E+0002  1.31678000000000E+0005
 5.42680000000000E+0002  1.29788000000000E+0005
 5.42660000000000E+0002  1.29525000000000E+0005
 5.42640000000000E+0002  1.32948000000000E+0005
 5.42620000000000E+0002  1.30791000000000E+0005
 5.42600000000000E+0002  1.29647000000000E+0005
 5.42580000000000E+0002  1.28201000000000E+0005
 5.42560000000000E+0002  1.29173000000000E+0005
 5.42540000000000E+0002  1.30115000000000E+0005
 5.42520000000000E+0002  1.30663000000000E+0005
 5.42500000000000E+0002  1.28725000000000E+0005
 5.42480000000000E+0002  1.26941000000000E+0005
 5.42460000000000E+0002  1.26800000000000E+0005
 5.42440000000000E+0002  1.27370000000000E+0005
 5.42420000000000E+0002  1.27993000000000E+0005
 5.42400000000000E+0002  1.28419000000000E+0005
 5.42380000000000E+0002  1.28990000000000E+0005
 5.42360000000000E+0002  1.27613000000000E+0005
 5.42340000000000E+0002  1.28420000000000E+0005
 5.42320000000000E+0002  1.28743000000000E+0005
 5.42300000000000E+0002  1.28899000000000E+0005
 5.42280000000000E+0002  1.29040000000000E+0005
 5.42260000000000E+0002  1.31178000000000E+0005
 5.42240000000000E+0002  1.31556000000000E+0005
 5.42220000000000E+0002  1.29990000000000E+0005
 5.42200000000000E+0002  1.28049000000000E+0005
 5.42180000000000E+0002  1.28088000000000E+0005
 5.42160000000000E+0002  1.28216000000000E+0005
 5.42140000000000E+0002  1.27573000000000E+0005
 5.42120000000000E+0002  1.28554000000000E+0005
 5.42100000000000E+0002  1.27469000000000E+0005
 5.42080000000000E+0002  1.26881000000000E+0005
 5.42060000000000E+0002  1.25883000000000E+0005
 5.42040000000000E+0002  1.28239000000000E+0005
 5.42020000000000E+0002  1.27360000000000E+0005
 5.42000000000000E+0002  1.28931000000000E+0005
 5.41980000000000E+0002  1.29720000000000E+0005
 5.41960000000000E+0002  1.27805000000000E+0005
 5.41940000000000E+0002  1.28378000000000E+0005
 5.41920000000000E+0002  1.28891000000000E+0005
 5.41900000000000E+0002  1.30866000000000E+0005
 5.41880000000000E+0002  1.29951000000000E+0005
 5.41860000000000E+0002  1.28813000000000E+0005
 5.41840000000000E+0002  1.28593000000000E+0005
 5.41820000000000E+0002  1.29145000000000E+0005
 5.41800000000000E+0002  1.29918000000000E+0005
 5.41780000000000E+0002  1.29967000000000E+0005
 5.41760000000000E+0002  1.29044000000000E+0005
 5.41740000000000E+0002  1.30340000000000E+0005
 5.41720000000000E+0002  1.28366000000000E+0005
 5.41700000000000E+0002  1.29292000000000E+0005
 5.41680000000000E+0002  1.29182000000000E+0005
 5.41660000000000E+0002  1.29728000000000E+0005
 5.41640000000000E+0002  1.29762000000000E+0005
 5.41620000000000E+0002  1.29221000000000E+0005
 5.41600000000000E+0002  1.29907000000000E+0005
 5.41580000000000E+0002  1.30135000000000E+0005
 5.41560000000000E+0002  1.28151000000000E+0005
 5.41540000000000E+0002  1.28358000000000E+0005
 5.41520000000000E+0002  1.28769000000000E+0005
 5.41500000000000E+0002  1.30031000000000E+0005
 5.41480000000000E+0002  1.28147000000000E+0005
 5.41460000000000E+0002  1.25998000000000E+0005
 5.41440000000000E+0002  1.25591000000000E+0005
 5.41420000000000E+0002  1.26094000000000E+0005
 5.41400000000000E+0002  1.28289000000000E+0005
 5.41380000000000E+0002  1.29547000000000E+0005
 5.41360000000000E+0002  1.32399000000000E+0005
 5.41340000000000E+0002  1.30980000000000E+0005
 5.41320000000000E+0002  1.29167000000000E+0005
 5.41300000000000E+0002  1.27693000000000E+0005
 5.41280000000000E+0002  1.27466000000000E+0005
 5.41260000000000E+0002  1.26971000000000E+0005
 5.41240000000000E+0002  1.27291000000000E+0005
 5.41220000000000E+0002  1.28582000000000E+0005
 5.41200000000000E+0002  1.28105000000000E+0005
 5.41180000000000E+0002  1.27121000000000E+0005
 5.41160000000000E+0002  1.28543000000000E+0005
 5.41140000000000E+0002  1.30345000000000E+0005
 5.41120000000000E+0002  1.30813000000000E+0005
 5.41100000000000E+0002  1.28814000000000E+0005
 5.41080000000000E+0002  1.28547000000000E+0005
 5.41060000000000E+0002  1.29746000000000E+0005
 5.41040000000000E+0002  1.27983000000000E+0005
 5.41020000000000E+0002  1.26497000000000E+0005
 5.41000000000000E+0002  1.26346000000000E+0005
 5.40980000000000E+0002  1.28561000000000E+0005
 5.40960000000000E+0002  1.28660000000000E+0005
 5.40940000000000E+0002  1.26689000000000E+0005
 5.40920000000000E+0002  1.29995000000000E+0005
 5.40900000000000E+0002  1.32145000000000E+0005
 5.40880000000000E+0002  1.29596000000000E+0005
 5.40860000000000E+0002  1.28961000000000E+0005
 5.40840000000000E+0002  1.29761000000000E+0005
 5.40820000000000E+0002  1.30652000000000E+0005
 5.40800000000000E+0002  1.29468000000000E+0005
 5.40780000000000E+0002  1.29183000000000E+0005
 5.40760000000000E+0002  1.28359000000000E+0005
 5.40740000000000E+0002  1.29354000000000E+0005
 5.40720000000000E+0002  1.29766000000000E+0005
 5.40700000000000E+0002  1.28753000000000E+0005
 5.40680000000000E+0002  1.29389000000000E+0005
 5.40660000000000E+0002  1.30149000000000E+0005
 5.40640000000000E+0002  1.29147000000000E+0005
 5.40620000000000E+0002  1.29376000000000E+0005
 5.40600000000000E+0002  1.30054000000000E+0005
 5.40580000000000E+0002  1.30537000000000E+0005
 5.40560000000000E+0002  1.27372000000000E+0005
 5.40540000000000E+0002  1.28435000000000E+0005
 5.40520000000000E+0002  1.27809000000000E+0005
 5.40500000000000E+0002  1.27553000000000E+0005
 5.40480000000000E+0002  1.28397000000000E+0005
 5.40460000000000E+0002  1.27969000000000E+0005
 5.40440000000000E+0002  1.28411000000000E+0005
 5.40420000000000E+0002  1.28670000000000E+0005
 5.40400000000000E+0002  1.28958000000000E+0005
 5.40380000000000E+0002  1.28708000000000E+0005
 5.40360000000000E+0002  1.28728000000000E+0005
 5.40340000000000E+0002  1.30622000000000E+0005
 5.40320000000000E+0002  1.30133000000000E+0005
 5.40300000000000E+0002  1.28262000000000E+0005
 5.40280000000000E+0002  1.29169000000000E+0005
 5.40260000000000E+0002  1.29481000000000E+0005
 5.40240000000000E+0002  1.29260000000000E+0005
 5.40220000000000E+0002  1.27946000000000E+0005
 5.40200000000000E+0002  1.28441000000000E+0005
 5.40180000000000E+0002  1.26349000000000E+0005
 5.40160000000000E+0002  1.26651000000000E+0005
 5.40140000000000E+0002  1.28072000000000E+0005
 5.40120000000000E+0002  1.28299000000000E+0005
 5.40100000000000E+0002  1.29028000000000E+0005
 5.40080000000000E+0002  1.29169000000000E+0005
 5.40060000000000E+0002  1.26848000000000E+0005
 5.40040000000000E+0002  1.26835000000000E+0005
 5.40020000000000E+0002  1.29597000000000E+0005
 5.40000000000000E+0002  1.29620000000000E+0005
 5.39980000000000E+0002  1.30091000000000E+0005
 5.39960000000000E+0002  1.29538000000000E+0005
 5.39940000000000E+0002  1.30512000000000E+0005
 5.39920000000000E+0002  1.28344000000000E+0005
 5.39900000000000E+0002  1.29149000000000E+0005
 5.39880000000000E+0002  1.29371000000000E+0005
 5.39860000000000E+0002  1.29577000000000E+0005
 5.39840000000000E+0002  1.30463000000000E+0005
 5.39820000000000E+0002  1.30347000000000E+0005
 5.39800000000000E+0002  1.31057000000000E+0005
 5.39780000000000E+0002  1.30960000000000E+0005
 5.39760000000000E+0002  1.30770000000000E+0005
 5.39740000000000E+0002  1.31145000000000E+0005
 5.39720000000000E+0002  1.30937000000000E+0005
 5.39700000000000E+0002  1.28884000000000E+0005
 5.39680000000000E+0002  1.29561000000000E+0005
 5.39660000000000E+0002  1.30853000000000E+0005
 5.39640000000000E+0002  1.31318000000000E+0005
 5.39620000000000E+0002  1.30207000000000E+0005
 5.39600000000000E+0002  1.29175000000000E+0005
 5.39580000000000E+0002  1.29394000000000E+0005
 5.39560000000000E+0002  1.27700000000000E+0005
 5.39540000000000E+0002  1.29092000000000E+0005
 5.39520000000000E+0002  1.31045000000000E+0005
 5.39500000000000E+0002  1.29902000000000E+0005
 5.39480000000000E+0002  1.29616000000000E+0005
 5.39460000000000E+0002  1.31267000000000E+0005
 5.39440000000000E+0002  1.29017000000000E+0005
 5.39420000000000E+0002  1.28266000000000E+0005
 5.39400000000000E+0002  1.28487000000000E+0005
 5.39380000000000E+0002  1.27257000000000E+0005
 5.39360000000000E+0002  1.28088000000000E+0005
 5.39340000000000E+0002  1.29208000000000E+0005
 5.39320000000000E+0002  1.28312000000000E+0005
 5.39300000000000E+0002  1.27103000000000E+0005
 5.39280000000000E+0002  1.28025000000000E+0005
 5.39260000000000E+0002  1.28919000000000E+0005
 5.39240000000000E+0002  1.31213000000000E+0005
 5.39220000000000E+0002  1.30540000000000E+0005
 5.39200000000000E+0002  1.27439000000000E+0005
 5.39180000000000E+0002  1.30170000000000E+0005
 5.39160000000000E+0002  1.31019000000000E+0005
 5.39140000000000E+0002  1.30023000000000E+0005
 5.39120000000000E+0002  1.28166000000000E+0005
 5.39100000000000E+0002  1.28925000000000E+0005
 5.39080000000000E+0002  1.29870000000000E+0005
 5.39060000000000E+0002  1.27496000000000E+0005
 5.39040000000000E+0002  1.28213000000000E+0005
 5.39020000000000E+0002  1.30564000000000E+0005
 5.39000000000000E+0002  1.30652000000000E+0005
 5.38980000000000E+0002  1.30630000000000E+0005
 5.38960000000000E+0002  1.30408000000000E+0005
 5.38940000000000E+0002  1.29196000000000E+0005
 5.38920000000000E+0002  1.29901000000000E+0005
 5.38900000000000E+0002  1.29734000000000E+0005
 5.38880000000000E+0002  1.30239000000000E+0005
 5.38860000000000E+0002  1.30854000000000E+0005
 5.38840000000000E+0002  1.30237000000000E+0005
 5.38820000000000E+0002  1.29713000000000E+0005
 5.38800000000000E+0002  1.30591000000000E+0005
 5.38780000000000E+0002  1.30021000000000E+0005
 5.38760000000000E+0002  1.30498000000000E+0005
 5.38740000000000E+0002  1.31272000000000E+0005
 5.38720000000000E+0002  1.31040000000000E+0005
 5.38700000000000E+0002  1.29215000000000E+0005
 5.38680000000000E+0002  1.30145000000000E+0005
 5.38660000000000E+0002  1.30744000000000E+0005
 5.38640000000000E+0002  1.30533000000000E+0005
 5.38620000000000E+0002  1.32374000000000E+0005
 5.38600000000000E+0002  1.30407000000000E+0005
 5.38580000000000E+0002  1.29404000000000E+0005
 5.38560000000000E+0002  1.30741000000000E+0005
 5.38540000000000E+0002  1.31326000000000E+0005
 5.38520000000000E+0002  1.31647000000000E+0005
 5.38500000000000E+0002  1.31950000000000E+0005
 5.38480000000000E+0002  1.31318000000000E+0005
 5.38460000000000E+0002  1.30032000000000E+0005
 5.38440000000000E+0002  1.29813000000000E+0005
 5.38420000000000E+0002  1.32538000000000E+0005
 5.38400000000000E+0002  1.33271000000000E+0005
 5.38380000000000E+0002  1.32265000000000E+0005
 5.38360000000000E+0002  1.30180000000000E+0005
 5.38340000000000E+0002  1.32028000000000E+0005
 5.38320000000000E+0002  1.32676000000000E+0005
 5.38300000000000E+0002  1.32216000000000E+0005
 5.38280000000000E+0002  1.32564000000000E+0005
 5.38260000000000E+0002  1.32134000000000E+0005
 5.38240000000000E+0002  1.31742000000000E+0005
 5.38220000000000E+0002  1.30332000000000E+0005
 5.38200000000000E+0002  1.30273000000000E+0005
 5.38180000000000E+0002  1.31556000000000E+0005
 5.38160000000000E+0002  1.33471000000000E+0005
 5.38140000000000E+0002  1.33969000000000E+0005
 5.38120000000000E+0002  1.31694000000000E+0005
 5.38100000000000E+0002  1.30105000000000E+0005
 5.38080000000000E+0002  1.34727000000000E+0005
 5.38060000000000E+0002  1.35949000000000E+0005
 5.38040000000000E+0002  1.33036000000000E+0005
 5.38020000000000E+0002  1.30162000000000E+0005
 5.38000000000000E+0002  1.30996000000000E+0005
 5.37980000000000E+0002  1.30673000000000E+0005
 5.37960000000000E+0002  1.30889000000000E+0005
 5.37940000000000E+0002  1.32504000000000E+0005
 5.37920000000000E+0002  1.30854000000000E+0005
 5.37900000000000E+0002  1.32758000000000E+0005
 5.37880000000000E+0002  1.33714000000000E+0005
 5.37860000000000E+0002  1.32966000000000E+0005
 5.37840000000000E+0002  1.34210000000000E+0005
 5.37820000000000E+0002  1.34836000000000E+0005
 5.37800000000000E+0002  1.32947000000000E+0005
 5.37780000000000E+0002  1.33289000000000E+0005
 5.37760000000000E+0002  1.33380000000000E+0005
 5.37740000000000E+0002  1.34133000000000E+0005
 5.37720000000000E+0002  1.32407000000000E+0005
 5.37700000000000E+0002  1.32811000000000E+0005
 5.37680000000000E+0002  1.34290000000000E+0005
 5.37660000000000E+0002  1.33751000000000E+0005
 5.37640000000000E+0002  1.33457000000000E+0005
 5.37620000000000E+0002  1.34507000000000E+0005
 5.37600000000000E+0002  1.35281000000000E+0005
 5.37580000000000E+0002  1.35152000000000E+0005
 5.37560000000000E+0002  1.35285000000000E+0005
 5.37540000000000E+0002  1.34991000000000E+0005
 5.37520000000000E+0002  1.35311000000000E+0005
 5.37500000000000E+0002  1.34550000000000E+0005
 5.37480000000000E+0002  1.34549000000000E+0005
 5.37460000000000E+0002  1.32667000000000E+0005
 5.37440000000000E+0002  1.32238000000000E+0005
 5.37420000000000E+0002  1.34174000000000E+0005
 5.37400000000000E+0002  1.35267000000000E+0005
 5.37380000000000E+0002  1.36394000000000E+0005
 5.37360000000000E+0002  1.37478000000000E+0005
 5.37340000000000E+0002  1.34872000000000E+0005
 5.37320000000000E+0002  1.34637000000000E+0005
 5.37300000000000E+0002  1.33909000000000E+0005
 5.37280000000000E+0002  1.33609000000000E+0005
 5.37260000000000E+0002  1.35198000000000E+0005
 5.37240000000000E+0002  1.35998000000000E+0005
 5.37220000000000E+0002  1.36194000000000E+0005
 5.37200000000000E+0002  1.35356000000000E+0005
 5.37180000000000E+0002  1.35869000000000E+0005
 5.37160000000000E+0002  1.37794000000000E+0005
 5.37140000000000E+0002  1.38561000000000E+0005
 5.37120000000000E+0002  1.36475000000000E+0005
 5.37100000000000E+0002  1.36461000000000E+0005
 5.37080000000000E+0002  1.36490000000000E+0005
 5.37060000000000E+0002  1.37387000000000E+0005
 5.37040000000000E+0002  1.36540000000000E+0005
 5.37020000000000E+0002  1.36900000000000E+0005
 5.37000000000000E+0002  1.38119000000000E+0005
 5.36980000000000E+0002  1.39634000000000E+0005
 5.36960000000000E+0002  1.40855000000000E+0005
 5.36940000000000E+0002  1.41179000000000E+0005
 5.36920000000000E+0002  1.36621000000000E+0005
 5.36900000000000E+0002  1.37208000000000E+0005
 5.36880000000000E+0002  1.40409000000000E+0005
 5.36860000000000E+0002  1.39855000000000E+0005
 5.36840000000000E+0002  1.39233000000000E+0005
 5.36820000000000E+0002  1.39369000000000E+0005
 5.36800000000000E+0002  1.39859000000000E+0005
 5.36780000000000E+0002  1.39429000000000E+0005
 5.36760000000000E+0002  1.40959000000000E+0005
 5.36740000000000E+0002  1.42291000000000E+0005
 5.36720000000000E+0002  1.42944000000000E+0005
 5.36700000000000E+0002  1.42874000000000E+0005
 5.36680000000000E+0002  1.42906000000000E+0005
 5.36660000000000E+0002  1.41986000000000E+0005
 5.36640000000000E+0002  1.42997000000000E+0005
 5.36620000000000E+0002  1.43298000000000E+0005
 5.36600000000000E+0002  1.41788000000000E+0005
 5.36580000000000E+0002  1.42423000000000E+0005
 5.36560000000000E+0002  1.44005000000000E+0005
 5.36540000000000E+0002  1.43517000000000E+0005
 5.36520000000000E+0002  1.42423000000000E+0005
 5.36500000000000E+0002  1.41021000000000E+0005
 5.36480000000000E+0002  1.42375000000000E+0005
 5.36460000000000E+0002  1.44387000000000E+0005
 5.36440000000000E+0002  1.44757000000000E+0005
 5.36420000000000E+0002  1.44873000000000E+0005
 5.36400000000000E+0002  1.44476000000000E+0005
 5.36380000000000E+0002  1.43849000000000E+0005
 5.36360000000000E+0002  1.46305000000000E+0005
 5.36340000000000E+0002  1.46136000000000E+0005
 5.36320000000000E+0002  1.45094000000000E+0005
 5.36300000000000E+0002  1.45845000000000E+0005
 5.36280000000000E+0002  1.46732000000000E+0005
 5.36260000000000E+0002  1.48612000000000E+0005
 5.36240000000000E+0002  1.48233000000000E+0005
 5.36220000000000E+0002  1.46168000000000E+0005
 5.36200000000000E+0002  1.47997000000000E+0005
 5.36180000000000E+0002  1.49781000000000E+0005
 5.36160000000000E+0002  1.49772000000000E+0005
 5.36140000000000E+0002  1.49025000000000E+0005
 5.36120000000000E+0002  1.49234000000000E+0005
 5.36100000000000E+0002  1.49433000000000E+0005
 5.36080000000000E+0002  1.49993000000000E+0005
 5.36060000000000E+0002  1.50509000000000E+0005
 5.36040000000000E+0002  1.51413000000000E+0005
 5.36020000000000E+0002  1.52918000000000E+0005
 5.36000000000000E+0002  1.53069000000000E+0005
 5.35980000000000E+0002  1.51140000000000E+0005
 5.35960000000000E+0002  1.49522000000000E+0005
 5.35940000000000E+0002  1.51519000000000E+0005
 5.35920000000000E+0002  1.52596000000000E+0005
 5.35900000000000E+0002  1.52225000000000E+0005
 5.35880000000000E+0002  1.51418000000000E+0005
 5.35860000000000E+0002  1.52255000000000E+0005
 5.35840000000000E+0002  1.54812000000000E+0005
 5.35820000000000E+0002  1.56630000000000E+0005
 5.35800000000000E+0002  1.58355000000000E+0005
 5.35780000000000E+0002  1.61195000000000E+0005
 5.35760000000000E+0002  1.60636000000000E+0005
 5.35740000000000E+0002  1.60345000000000E+0005
 5.35720000000000E+0002  1.60249000000000E+0005
 5.35700000000000E+0002  1.60088000000000E+0005
 5.35680000000000E+0002  1.60009000000000E+0005
 5.35660000000000E+0002  1.59769000000000E+0005
 5.35640000000000E+0002  1.61400000000000E+0005
 5.35620000000000E+0002  1.65694000000000E+0005
 5.35600000000000E+0002  1.65149000000000E+0005
 5.35580000000000E+0002  1.65693000000000E+0005
 5.35560000000000E+0002  1.64633000000000E+0005
 5.35540000000000E+0002  1.66385000000000E+0005
 5.35520000000000E+0002  1.68768000000000E+0005
 5.35500000000000E+0002  1.68666000000000E+0005
 5.35480000000000E+0002  1.67660000000000E+0005
 5.35460000000000E+0002  1.68868000000000E+0005
 5.35440000000000E+0002  1.71307000000000E+0005
 5.35420000000000E+0002  1.73220000000000E+0005
 5.35400000000000E+0002  1.75009000000000E+0005
 5.35380000000000E+0002  1.75308000000000E+0005
 5.35360000000000E+0002  1.75669000000000E+0005
 5.35340000000000E+0002  1.78849000000000E+0005
 5.35320000000000E+0002  1.79498000000000E+0005
 5.35300000000000E+0002  1.80703000000000E+0005
 5.35280000000000E+0002  1.80835000000000E+0005
 5.35260000000000E+0002  1.81046000000000E+0005
 5.35240000000000E+0002  1.84108000000000E+0005
 5.35220000000000E+0002  1.85821000000000E+0005
 5.35200000000000E+0002  1.86774000000000E+0005
 5.35180000000000E+0002  1.85439000000000E+0005
 5.35160000000000E+0002  1.88583000000000E+0005
 5.35140000000000E+0002  1.91646000000000E+0005
 5.35120000000000E+0002  1.94095000000000E+0005
 5.35100000000000E+0002  1.95129000000000E+0005
 5.35080000000000E+0002  1.96486000000000E+0005
 5.35060000000000E+0002  1.99274000000000E+0005
 5.35040000000000E+0002  2.03404000000000E+0005
 5.35020000000000E+0002  2.05548000000000E+0005
 5.35000000000000E+0002  2.08635000000000E+0005
 5.34980000000000E+0002  2.09646000000000E+0005
 5.34960000000000E+0002  2.08961000000000E+0005
 5.34940000000000E+0002  2.14732000000000E+0005
 5.34920000000000E+0002  2.16562000000000E+0005
 5.34900000000000E+0002  2.17264000000000E+0005
 5.34880000000000E+0002  2.18422000000000E+0005
 5.34860000000000E+0002  2.21312000000000E+0005
 5.34840000000000E+0002  2.27555000000000E+0005
 5.34820000000000E+0002  2.32738000000000E+0005
 5.34800000000000E+0002  2.31941000000000E+0005
 5.34780000000000E+0002  2.35135000000000E+0005
 5.34760000000000E+0002  2.38572000000000E+0005
 5.34740000000000E+0002  2.38802000000000E+0005
 5.34720000000000E+0002  2.40879000000000E+0005
 5.34700000000000E+0002  2.45373000000000E+0005
 5.34680000000000E+0002  2.44161000000000E+0005
 5.34660000000000E+0002  2.47181000000000E+0005
 5.34640000000000E+0002  2.51529000000000E+0005
 5.34620000000000E+0002  2.55933000000000E+0005
 5.34600000000000E+0002  2.57424000000000E+0005
 5.34580000000000E+0002  2.56049000000000E+0005
 5.34560000000000E+0002  2.56596000000000E+0005
 5.34540000000000E+0002  2.58388000000000E+0005
 5.34520000000000E+0002  2.64420000000000E+0005
 5.34500000000000E+0002  2.66520000000000E+0005
 5.34480000000000E+0002  2.64476000000000E+0005
 5.34460000000000E+0002  2.66145000000000E+0005
 5.34440000000000E+0002  2.69572000000000E+0005
 5.34420000000000E+0002  2.71965000000000E+0005
 5.34400000000000E+0002  2.72033000000000E+0005
 5.34380000000000E+0002  2.71219000000000E+0005
 5.34360000000000E+0002  2.72013000000000E+0005
 5.34340000000000E+0002  2.74848000000000E+0005
 5.34320000000000E+0002  2.74818000000000E+0005
 5.34300000000000E+0002  2.70418000000000E+0005
 5.34280000000000E+0002  2.71326000000000E+0005
 5.34260000000000E+0002  2.77912000000000E+0005
 5.34240000000000E+0002  2.78080000000000E+0005
 5.34220000000000E+0002  2.75347000000000E+0005
 5.34200000000000E+0002  2.74087000000000E+0005
 5.34180000000000E+0002  2.73632000000000E+0005
 5.34160000000000E+0002  2.74037000000000E+0005
 5.34140000000000E+0002  2.72804000000000E+0005
 5.34120000000000E+0002  2.73757000000000E+0005
 5.34100000000000E+0002  2.72969000000000E+0005
 5.34080000000000E+0002  2.68082000000000E+0005
 5.34060000000000E+0002  2.65858000000000E+0005
 5.34040000000000E+0002  2.64854000000000E+0005
 5.34020000000000E+0002  2.65134000000000E+0005
 5.34000000000000E+0002  2.61285000000000E+0005
 5.33980000000000E+0002  2.57123000000000E+0005
 5.33960000000000E+0002  2.53259000000000E+0005
 5.33940000000000E+0002  2.53298000000000E+0005
 5.33920000000000E+0002  2.52689000000000E+0005
 5.33900000000000E+0002  2.50269000000000E+0005
 5.33880000000000E+0002  2.44074000000000E+0005
 5.33860000000000E+0002  2.44497000000000E+0005
 5.33840000000000E+0002  2.40287000000000E+0005
 5.33820000000000E+0002  2.34768000000000E+0005
 5.33800000000000E+0002  2.35127000000000E+0005
 5.33780000000000E+0002  2.33813000000000E+0005
 5.33760000000000E+0002  2.28257000000000E+0005
 5.33740000000000E+0002  2.24765000000000E+0005
 5.33720000000000E+0002  2.21838000000000E+0005
 5.33700000000000E+0002  2.20933000000000E+0005
 5.33680000000000E+0002  2.16243000000000E+0005
 5.33660000000000E+0002  2.15377000000000E+0005
 5.33640000000000E+0002  2.13559000000000E+0005
 5.33620000000000E+0002  2.07694000000000E+0005
 5.33600000000000E+0002  2.04502000000000E+0005
 5.33580000000000E+0002  2.03551000000000E+0005
 5.33560000000000E+0002  2.01486000000000E+0005
 5.33540000000000E+0002  1.97114000000000E+0005
 5.33520000000000E+0002  1.95203000000000E+0005
 5.33500000000000E+0002  1.93628000000000E+0005
 5.33480000000000E+0002  1.87047000000000E+0005
 5.33460000000000E+0002  1.83151000000000E+0005
 5.33440000000000E+0002  1.83129000000000E+0005
 5.33420000000000E+0002  1.80530000000000E+0005
 5.33400000000000E+0002  1.77210000000000E+0005
 5.33380000000000E+0002  1.74986000000000E+0005
 5.33360000000000E+0002  1.74927000000000E+0005
 5.33340000000000E+0002  1.75176000000000E+0005
 5.33320000000000E+0002  1.71241000000000E+0005
 5.33300000000000E+0002  1.69452000000000E+0005
 5.33280000000000E+0002  1.65987000000000E+0005
 5.33260000000000E+0002  1.63123000000000E+0005
 5.33240000000000E+0002  1.63382000000000E+0005
 5.33220000000000E+0002  1.62544000000000E+0005
 5.33200000000000E+0002  1.58802000000000E+0005
 5.33180000000000E+0002  1.57105000000000E+0005
 5.33160000000000E+0002  1.57706000000000E+0005
 5.33140000000000E+0002  1.54056000000000E+0005
 5.33120000000000E+0002  1.51198000000000E+0005
 5.33100000000000E+0002  1.52379000000000E+0005
 5.33080000000000E+0002  1.54078000000000E+0005
 5.33060000000000E+0002  1.52663000000000E+0005
 5.33040000000000E+0002  1.51206000000000E+0005
 5.33020000000000E+0002  1.48520000000000E+0005
 5.33000000000000E+0002  1.47246000000000E+0005
 5.32980000000000E+0002  1.45201000000000E+0005
 5.32960000000000E+0002  1.43000000000000E+0005
 5.32940000000000E+0002  1.42623000000000E+0005
 5.32920000000000E+0002  1.43546000000000E+0005
 5.32900000000000E+0002  1.43051000000000E+0005
 5.32880000000000E+0002  1.42923000000000E+0005
 5.32860000000000E+0002  1.41938000000000E+0005
 5.32840000000000E+0002  1.40326000000000E+0005
 5.32820000000000E+0002  1.39106000000000E+0005
 5.32800000000000E+0002  1.37186000000000E+0005
 5.32780000000000E+0002  1.36758000000000E+0005
 5.32760000000000E+0002  1.36475000000000E+0005
 5.32740000000000E+0002  1.40642000000000E+0005
 5.32720000000000E+0002  1.38284000000000E+0005
 5.32700000000000E+0002  1.34950000000000E+0005
 5.32680000000000E+0002  1.35847000000000E+0005
 5.32660000000000E+0002  1.36478000000000E+0005
 5.32640000000000E+0002  1.36110000000000E+0005
 5.32620000000000E+0002  1.36367000000000E+0005
 5.32600000000000E+0002  1.36531000000000E+0005
 5.32580000000000E+0002  1.36622000000000E+0005
 5.32560000000000E+0002  1.34422000000000E+0005
 5.32540000000000E+0002  1.32739000000000E+0005
 5.32520000000000E+0002  1.32793000000000E+0005
 5.32500000000000E+0002  1.34223000000000E+0005
 5.32480000000000E+0002  1.35244000000000E+0005
 5.32460000000000E+0002  1.34021000000000E+0005
 5.32440000000000E+0002  1.32541000000000E+0005
 5.32420000000000E+0002  1.30944000000000E+0005
 5.32400000000000E+0002  1.30478000000000E+0005
 5.32380000000000E+0002  1.31519000000000E+0005
 5.32360000000000E+0002  1.29374000000000E+0005
 5.32340000000000E+0002  1.28998000000000E+0005
 5.32320000000000E+0002  1.30358000000000E+0005
 5.32300000000000E+0002  1.31020000000000E+0005
 5.32280000000000E+0002  1.31769000000000E+0005
 5.32260000000000E+0002  1.32365000000000E+0005
 5.32240000000000E+0002  1.31359000000000E+0005
 5.32220000000000E+0002  1.30234000000000E+0005
 5.32200000000000E+0002  1.29801000000000E+0005
 5.32180000000000E+0002  1.27483000000000E+0005
 5.32160000000000E+0002  1.28264000000000E+0005
 5.32140000000000E+0002  1.29752000000000E+0005
 5.32120000000000E+0002  1.31105000000000E+0005
 5.32100000000000E+0002  1.29220000000000E+0005
 5.32080000000000E+0002  1.29429000000000E+0005
 5.32060000000000E+0002  1.29634000000000E+0005
 5.32040000000000E+0002  1.29143000000000E+0005
 5.32020000000000E+0002  1.29120000000000E+0005
 5.32000000000000E+0002  1.29014000000000E+0005
 5.31980000000000E+0002  1.29430000000000E+0005
 5.31960000000000E+0002  1.31923000000000E+0005
 5.31940000000000E+0002  1.29788000000000E+0005
 5.31920000000000E+0002  1.26988000000000E+0005
 5.31900000000000E+0002  1.27760000000000E+0005
 5.31880000000000E+0002  1.29553000000000E+0005
 5.31860000000000E+0002  1.30506000000000E+0005
 5.31840000000000E+0002  1.30591000000000E+0005
 5.31820000000000E+0002  1.30482000000000E+0005
 5.31800000000000E+0002  1.26874000000000E+0005
 5.31780000000000E+0002  1.25301000000000E+0005
 5.31760000000000E+0002  1.27392000000000E+0005
 5.31740000000000E+0002  1.29077000000000E+0005
 5.31720000000000E+0002  1.29144000000000E+0005
 5.31700000000000E+0002  1.29267000000000E+0005
 5.31680000000000E+0002  1.29511000000000E+0005
 5.31660000000000E+0002  1.26979000000000E+0005
 5.31640000000000E+0002  1.25800000000000E+0005
 5.31620000000000E+0002  1.26443000000000E+0005
 5.31600000000000E+0002  1.25882000000000E+0005
 5.31580000000000E+0002  1.25524000000000E+0005
 5.31560000000000E+0002  1.24124000000000E+0005
 5.31540000000000E+0002  1.25066000000000E+0005
 5.31520000000000E+0002  1.27685000000000E+0005
 5.31500000000000E+0002  1.26872000000000E+0005
 5.31480000000000E+0002  1.27198000000000E+0005
 5.31460000000000E+0002  1.28093000000000E+0005
 5.31440000000000E+0002  1.27818000000000E+0005
 5.31420000000000E+0002  1.27836000000000E+0005
 5.31400000000000E+0002  1.28425000000000E+0005
 5.31380000000000E+0002  1.28252000000000E+0005
 5.31360000000000E+0002  1.26421000000000E+0005
 5.31340000000000E+0002  1.26326000000000E+0005
 5.31320000000000E+0002  1.27250000000000E+0005
 5.31300000000000E+0002  1.27602000000000E+0005
 5.31280000000000E+0002  1.27604000000000E+0005
 5.31260000000000E+0002  1.28384000000000E+0005
 5.31240000000000E+0002  1.26343000000000E+0005
 5.31220000000000E+0002  1.26534000000000E+0005
 5.31200000000000E+0002  1.27727000000000E+0005
 5.31180000000000E+0002  1.28853000000000E+0005
 5.31160000000000E+0002  1.28546000000000E+0005
 5.31140000000000E+0002  1.29063000000000E+0005
 5.31120000000000E+0002  1.26795000000000E+0005
 5.31100000000000E+0002  1.25932000000000E+0005
 5.31080000000000E+0002  1.25014000000000E+0005
 5.31060000000000E+0002  1.25371000000000E+0005
 5.31040000000000E+0002  1.25367000000000E+0005
 5.31020000000000E+0002  1.26335000000000E+0005
 5.31000000000000E+0002  1.24787000000000E+0005
 5.30980000000000E+0002  1.25463000000000E+0005
 5.30960000000000E+0002  1.25469000000000E+0005
 5.30940000000000E+0002  1.25230000000000E+0005
 5.30920000000000E+0002  1.24581000000000E+0005
 5.30900000000000E+0002  1.26275000000000E+0005
 5.30880000000000E+0002  1.28442000000000E+0005
 5.30860000000000E+0002  1.28587000000000E+0005
 5.30840000000000E+0002  1.27117000000000E+0005
 5.30820000000000E+0002  1.25520000000000E+0005
 5.30800000000000E+0002  1.24448000000000E+0005
 5.30780000000000E+0002  1.24248000000000E+0005
 5.30760000000000E+0002  1.24801000000000E+0005
 5.30740000000000E+0002  1.24047000000000E+0005
 5.30720000000000E+0002  1.25544000000000E+0005
 5.30700000000000E+0002  1.26737000000000E+0005
 5.30680000000000E+0002  1.27514000000000E+0005
 5.30660000000000E+0002  1.28117000000000E+0005
 5.30640000000000E+0002  1.24032000000000E+0005
 5.30620000000000E+0002  1.24019000000000E+0005
 5.30600000000000E+0002  1.25445000000000E+0005
 5.30580000000000E+0002  1.25816000000000E+0005
 5.30560000000000E+0002  1.26577000000000E+0005
 5.30540000000000E+0002  1.26228000000000E+0005
 5.30520000000000E+0002  1.25178000000000E+0005
 5.30500000000000E+0002  1.24298000000000E+0005
 5.30480000000000E+0002  1.24716000000000E+0005
 5.30460000000000E+0002  1.27050000000000E+0005
 5.30440000000000E+0002  1.26053000000000E+0005
 5.30420000000000E+0002  1.25343000000000E+0005
 5.30400000000000E+0002  1.26581000000000E+0005
 5.30380000000000E+0002  1.27650000000000E+0005
 5.30360000000000E+0002  1.25698000000000E+0005
 5.30340000000000E+0002  1.26078000000000E+0005
 5.30320000000000E+0002  1.26879000000000E+0005
 5.30300000000000E+0002  1.25195000000000E+0005
 5.30280000000000E+0002  1.24585000000000E+0005
 5.30260000000000E+0002  1.25041000000000E+0005
 5.30240000000000E+0002  1.25352000000000E+0005
 5.30220000000000E+0002  1.24075000000000E+0005
 5.30200000000000E+0002  1.24671000000000E+0005
 5.30180000000000E+0002  1.26306000000000E+0005
 5.30160000000000E+0002  1.26408000000000E+0005
 5.30140000000000E+0002  1.26916000000000E+0005
 5.30120000000000E+0002  1.25455000000000E+0005
 5.30100000000000E+0002  1.27278000000000E+0005
 5.30080000000000E+0002  1.27078000000000E+0005
 5.30060000000000E+0002  1.26548000000000E+0005
 5.30040000000000E+0002  1.25716000000000E+0005
 5.30020000000000E+0002  1.25944000000000E+0005
 5.30000000000000E+0002  1.25949000000000E+0005
 5.29980000000000E+0002  1.25910000000000E+0005
 5.29960000000000E+0002  1.23770000000000E+0005
 5.29940000000000E+0002  1.24008000000000E+0005
 5.29920000000000E+0002  1.25139000000000E+0005
 5.29900000000000E+0002  1.22783000000000E+0005
 5.29880000000000E+0002  1.23515000000000E+0005
 5.29860000000000E+0002  1.25282000000000E+0005
 5.29840000000000E+0002  1.24858000000000E+0005
 5.29820000000000E+0002  1.24796000000000E+0005
 5.29800000000000E+0002  1.23962000000000E+0005
 5.29780000000000E+0002  1.24561000000000E+0005
 5.29760000000000E+0002  1.24027000000000E+0005
 5.29740000000000E+0002  1.23876000000000E+0005
 5.29720000000000E+0002  1.25099000000000E+0005
 5.29700000000000E+0002  1.25807000000000E+0005
 5.29680000000000E+0002  1.26230000000000E+0005
 5.29660000000000E+0002  1.25323000000000E+0005
 5.29640000000000E+0002  1.26438000000000E+0005
 5.29620000000000E+0002  1.27563000000000E+0005
 5.29600000000000E+0002  1.28497000000000E+0005
 5.29580000000000E+0002  1.27453000000000E+0005
 5.29560000000000E+0002  1.24628000000000E+0005
 5.29540000000000E+0002  1.23875000000000E+0005
 5.29520000000000E+0002  1.23680000000000E+0005
 5.29500000000000E+0002  1.23861000000000E+0005
 5.29480000000000E+0002  1.25055000000000E+0005
 5.29460000000000E+0002  1.24559000000000E+0005
 5.29440000000000E+0002  1.25432000000000E+0005
 5.29420000000000E+0002  1.24968000000000E+0005
 5.29400000000000E+0002  1.25370000000000E+0005
 5.29380000000000E+0002  1.27103000000000E+0005
 5.29360000000000E+0002  1.27018000000000E+0005
 5.29340000000000E+0002  1.24809000000000E+0005
 5.29320000000000E+0002  1.25306000000000E+0005
 5.29300000000000E+0002  1.25608000000000E+0005
 5.29280000000000E+0002  1.24753000000000E+0005
 5.29260000000000E+0002  1.24376000000000E+0005
 5.29240000000000E+0002  1.24641000000000E+0005
 5.29220000000000E+0002  1.24921000000000E+0005
 5.29200000000000E+0002  1.27148000000000E+0005
 5.29180000000000E+0002  1.27638000000000E+0005
 5.29160000000000E+0002  1.26687000000000E+0005
 5.29140000000000E+0002  1.27223000000000E+0005
 5.29120000000000E+0002  1.24393000000000E+0005
 5.29100000000000E+0002  1.24614000000000E+0005
 5.29080000000000E+0002  1.25074000000000E+0005
 5.29060000000000E+0002  1.26354000000000E+0005
 5.29040000000000E+0002  1.26339000000000E+0005
 5.29020000000000E+0002  1.24983000000000E+0005
 5.29000000000000E+0002  1.22421000000000E+0005
 5.28980000000000E+0002  1.21968000000000E+0005
 5.28960000000000E+0002  1.24024000000000E+0005
 5.28940000000000E+0002  1.23673000000000E+0005
 5.28920000000000E+0002  1.25346000000000E+0005
 5.28900000000000E+0002  1.27784000000000E+0005
 5.28880000000000E+0002  1.27149000000000E+0005
 5.28860000000000E+0002  1.25397000000000E+0005
 5.28840000000000E+0002  1.25277000000000E+0005
 5.28820000000000E+0002  1.25182000000000E+0005
 5.28800000000000E+0002  1.23515000000000E+0005
 5.28780000000000E+0002  1.25041000000000E+0005
 5.28760000000000E+0002  1.26834000000000E+0005
 5.28740000000000E+0002  1.24516000000000E+0005
 5.28720000000000E+0002  1.25276000000000E+0005
 5.28700000000000E+0002  1.25656000000000E+0005
 5.28680000000000E+0002  1.25723000000000E+0005
 5.28660000000000E+0002  1.25733000000000E+0005
 5.28640000000000E+0002  1.24431000000000E+0005
 5.28620000000000E+0002  1.23922000000000E+0005
 5.28600000000000E+0002  1.23221000000000E+0005
 5.28580000000000E+0002  1.23752000000000E+0005
 5.28560000000000E+0002  1.24652000000000E+0005
 5.28540000000000E+0002  1.26829000000000E+0005
 5.28520000000000E+0002  1.27315000000000E+0005
 5.28500000000000E+0002  1.25379000000000E+0005
 5.28480000000000E+0002  1.25386000000000E+0005
 5.28460000000000E+0002  1.25333000000000E+0005
 5.28440000000000E+0002  1.24671000000000E+0005
 5.28420000000000E+0002  1.26539000000000E+0005
 5.28400000000000E+0002  1.24978000000000E+0005
 5.28380000000000E+0002  1.26903000000000E+0005
 5.28360000000000E+0002  1.28385000000000E+0005
 5.28340000000000E+0002  1.25598000000000E+0005
 5.28320000000000E+0002  1.23143000000000E+0005
 5.28300000000000E+0002  1.24552000000000E+0005
 5.28280000000000E+0002  1.24453000000000E+0005
 5.28260000000000E+0002  1.23974000000000E+0005
 5.28240000000000E+0002  1.23851000000000E+0005
 5.28220000000000E+0002  1.23655000000000E+0005
 5.28200000000000E+0002  1.25143000000000E+0005
 5.28180000000000E+0002  1.25903000000000E+0005
 5.28160000000000E+0002  1.24734000000000E+0005
 5.28140000000000E+0002  1.25374000000000E+0005
 5.28120000000000E+0002  1.26307000000000E+0005
 5.28100000000000E+0002  1.24966000000000E+0005
 5.28080000000000E+0002  1.24349000000000E+0005
 5.28060000000000E+0002  1.25763000000000E+0005
 5.28040000000000E+0002  1.26271000000000E+0005
 5.28020000000000E+0002  1.25514000000000E+0005
 5.28000000000000E+0002  1.25536000000000E+0005
 5.27980000000000E+0002  1.25356000000000E+0005
 5.27960000000000E+0002  1.25880000000000E+0005
 5.27940000000000E+0002  1.25199000000000E+0005
 5.27920000000000E+0002  1.24464000000000E+0005
 5.27900000000000E+0002  1.25724000000000E+0005
 5.27880000000000E+0002  1.24331000000000E+0005
 5.27860000000000E+0002  1.24698000000000E+0005
 5.27840000000000E+0002  1.25859000000000E+0005
 5.27820000000000E+0002  1.24079000000000E+0005
 5.27800000000000E+0002  1.24284000000000E+0005
 5.27780000000000E+0002  1.24750000000000E+0005
 5.27760000000000E+0002  1.24611000000000E+0005
 5.27740000000000E+0002  1.23301000000000E+0005
 5.27720000000000E+0002  1.23295000000000E+0005
 5.27700000000000E+0002  1.24169000000000E+0005
 5.27680000000000E+0002  1.25459000000000E+0005
 5.27660000000000E+0002  1.26808000000000E+0005
 5.27640000000000E+0002  1.25012000000000E+0005
 5.27620000000000E+0002  1.22978000000000E+0005
 5.27600000000000E+0002  1.23467000000000E+0005
 5.27580000000000E+0002  1.24498000000000E+0005
 5.27560000000000E+0002  1.24258000000000E+0005
 5.27540000000000E+0002  1.25188000000000E+0005
 5.27520000000000E+0002  1.24816000000000E+0005
 5.27500000000000E+0002  1.25701000000000E+0005
 5.27480000000000E+0002  1.23992000000000E+0005
 5.27460000000000E+0002  1.24572000000000E+0005
 5.27440000000000E+0002  1.24705000000000E+0005
 5.27420000000000E+0002  1.23264000000000E+0005
 5.27400000000000E+0002  1.24557000000000E+0005
 5.27380000000000E+0002  1.24851000000000E+0005
 5.27360000000000E+0002  1.25136000000000E+0005
 5.27340000000000E+0002  1.26981000000000E+0005
 5.27320000000000E+0002  1.25641000000000E+0005
 5.27300000000000E+0002  1.24838000000000E+0005
 5.27280000000000E+0002  1.26905000000000E+0005
 5.27260000000000E+0002  1.25559000000000E+0005
 5.27240000000000E+0002  1.25220000000000E+0005
 5.27220000000000E+0002  1.25349000000000E+0005
 5.27200000000000E+0002  1.24989000000000E+0005
 5.27180000000000E+0002  1.23622000000000E+0005
 5.27160000000000E+0002  1.23166000000000E+0005
 5.27140000000000E+0002  1.25005000000000E+0005
 5.27120000000000E+0002  1.24823000000000E+0005
 5.27100000000000E+0002  1.25644000000000E+0005
 5.27080000000000E+0002  1.27125000000000E+0005
 5.27060000000000E+0002  1.28043000000000E+0005
 5.27040000000000E+0002  1.27128000000000E+0005
 5.27020000000000E+0002  1.27449000000000E+0005
 5.27000000000000E+0002  1.27495000000000E+0005
 5.26980000000000E+0002  1.26893000000000E+0005
 5.26960000000000E+0002  1.24593000000000E+0005
 5.26940000000000E+0002  1.24776000000000E+0005
 5.26920000000000E+0002  1.24210000000000E+0005
 5.26900000000000E+0002  1.23940000000000E+0005
 5.26880000000000E+0002  1.24797000000000E+0005
 5.26860000000000E+0002  1.27647000000000E+0005
 5.26840000000000E+0002  1.25829000000000E+0005
 5.26820000000000E+0002  1.24726000000000E+0005
 5.26800000000000E+0002  1.23493000000000E+0005
 5.26780000000000E+0002  1.25404000000000E+0005
 5.26760000000000E+0002  1.25583000000000E+0005
 5.26740000000000E+0002  1.25607000000000E+0005
 5.26720000000000E+0002  1.26943000000000E+0005
 5.26700000000000E+0002  1.26873000000000E+0005
 5.26680000000000E+0002  1.25701000000000E+0005
 5.26660000000000E+0002  1.25065000000000E+0005
 5.26640000000000E+0002  1.27190000000000E+0005
 5.26620000000000E+0002  1.24697000000000E+0005
 5.26600000000000E+0002  1.25206000000000E+0005
 5.26580000000000E+0002  1.25232000000000E+0005
 5.26560000000000E+0002  1.24810000000000E+0005
 5.26540000000000E+0002  1.23242000000000E+0005
 5.26520000000000E+0002  1.24459000000000E+0005
 5.26500000000000E+0002  1.25353000000000E+0005
 5.26480000000000E+0002  1.25206000000000E+0005
 5.26460000000000E+0002  1.26166000000000E+0005
 5.26440000000000E+0002  1.26987000000000E+0005
 5.26420000000000E+0002  1.26493000000000E+0005
 5.26400000000000E+0002  1.25931000000000E+0005
 5.26380000000000E+0002  1.25776000000000E+0005
 5.26360000000000E+0002  1.25430000000000E+0005
 5.26340000000000E+0002  1.25929000000000E+0005
 5.26320000000000E+0002  1.25960000000000E+0005
 5.26300000000000E+0002  1.25899000000000E+0005
 5.26280000000000E+0002  1.25394000000000E+0005
 5.26260000000000E+0002  1.26532000000000E+0005
 5.26240000000000E+0002  1.26245000000000E+0005
 5.26220000000000E+0002  1.26228000000000E+0005
 5.26200000000000E+0002  1.27281000000000E+0005
 5.26180000000000E+0002  1.28207000000000E+0005
 5.26160000000000E+0002  1.27769000000000E+0005
 5.26140000000000E+0002  1.27687000000000E+0005
 5.26120000000000E+0002  1.25986000000000E+0005
 5.26100000000000E+0002  1.26090000000000E+0005
 5.26080000000000E+0002  1.28075000000000E+0005
 5.26060000000000E+0002  1.26058000000000E+0005
 5.26040000000000E+0002  1.25331000000000E+0005
 5.26020000000000E+0002  1.26616000000000E+0005
 5.26000000000000E+0002  1.26185000000000E+0005
 5.25980000000000E+0002  1.26509000000000E+0005
 5.25960000000000E+0002  1.27281000000000E+0005
 5.25940000000000E+0002  1.26626000000000E+0005
 5.25920000000000E+0002  1.29060000000000E+0005
 5.25900000000000E+0002  1.28145000000000E+0005
 5.25880000000000E+0002  1.28037000000000E+0005
 5.25860000000000E+0002  1.28484000000000E+0005
 5.25840000000000E+0002  1.26698000000000E+0005
 5.25820000000000E+0002  1.27250000000000E+0005
 5.25800000000000E+0002  1.27970000000000E+0005
 5.25780000000000E+0002  1.28968000000000E+0005
 5.25760000000000E+0002  1.30302000000000E+0005
 5.25740000000000E+0002  1.29312000000000E+0005
 5.25720000000000E+0002  1.28504000000000E+0005
 5.25700000000000E+0002  1.28186000000000E+0005
 5.25680000000000E+0002  1.27913000000000E+0005
 5.25660000000000E+0002  1.29501000000000E+0005
 5.25640000000000E+0002  1.29329000000000E+0005
 5.25620000000000E+0002  1.28371000000000E+0005
 5.25600000000000E+0002  1.26814000000000E+0005
 5.25580000000000E+0002  1.26783000000000E+0005
 5.25560000000000E+0002  1.26655000000000E+0005
 5.25540000000000E+0002  1.25900000000000E+0005
 5.25520000000000E+0002  1.25538000000000E+0005
 5.25500000000000E+0002  1.25210000000000E+0005
 5.25480000000000E+0002  1.26174000000000E+0005
 5.25460000000000E+0002  1.28895000000000E+0005
 5.25440000000000E+0002  1.28888000000000E+0005
 5.25420000000000E+0002  1.28077000000000E+0005
 5.25400000000000E+0002  1.29366000000000E+0005
 5.25380000000000E+0002  1.27902000000000E+0005
 5.25360000000000E+0002  1.26501000000000E+0005
 5.25340000000000E+0002  1.28022000000000E+0005
 5.25320000000000E+0002  1.28900000000000E+0005
 5.25300000000000E+0002  1.29034000000000E+0005
 5.25280000000000E+0002  1.29425000000000E+0005
 5.25260000000000E+0002  1.29135000000000E+0005
 5.25240000000000E+0002  1.30863000000000E+0005
 5.25220000000000E+0002  1.32132000000000E+0005
 5.25200000000000E+0002  1.31560000000000E+0005
 5.25180000000000E+0002  1.33461000000000E+0005
 5.25160000000000E+0002  1.32264000000000E+0005
 5.25140000000000E+0002  1.28766000000000E+0005
 5.25120000000000E+0002  1.32270000000000E+0005
 5.25100000000000E+0002  1.32049000000000E+0005
 5.25080000000000E+0002  1.31426000000000E+0005
 5.25060000000000E+0002  1.33140000000000E+0005
 5.25040000000000E+0002  1.32762000000000E+0005
 5.25020000000000E+0002  1.31009000000000E+0005
 5.25000000000000E+0002  1.28654000000000E+0005
 5.24980000000000E+0002  1.29198000000000E+0005
 5.24960000000000E+0002  1.30286000000000E+0005
 5.24940000000000E+0002  1.30336000000000E+0005
 5.24920000000000E+0002  1.31294000000000E+0005
 5.24900000000000E+0002  1.32245000000000E+0005
 5.24880000000000E+0002  1.32179000000000E+0005
 5.24860000000000E+0002  1.32482000000000E+0005
 5.24840000000000E+0002  1.33334000000000E+0005
 5.24820000000000E+0002  1.32845000000000E+0005
 5.24800000000000E+0002  1.34447000000000E+0005
 5.24780000000000E+0002  1.34273000000000E+0005
 5.24760000000000E+0002  1.32484000000000E+0005
 5.24740000000000E+0002  1.31685000000000E+0005
 5.24720000000000E+0002  1.31706000000000E+0005
 5.24700000000000E+0002  1.31949000000000E+0005
 5.24680000000000E+0002  1.34922000000000E+0005
 5.24660000000000E+0002  1.34660000000000E+0005
 5.24640000000000E+0002  1.34606000000000E+0005
 5.24620000000000E+0002  1.34448000000000E+0005
 5.24600000000000E+0002  1.32218000000000E+0005
 5.24580000000000E+0002  1.32611000000000E+0005
 5.24560000000000E+0002  1.35441000000000E+0005
 5.24540000000000E+0002  1.36161000000000E+0005
 5.24520000000000E+0002  1.33667000000000E+0005
 5.24500000000000E+0002  1.34804000000000E+0005
 5.24480000000000E+0002  1.33814000000000E+0005
 5.24460000000000E+0002  1.33628000000000E+0005
 5.24440000000000E+0002  1.33031000000000E+0005
 5.24420000000000E+0002  1.34531000000000E+0005
 5.24400000000000E+0002  1.34593000000000E+0005
 5.24380000000000E+0002  1.33761000000000E+0005
 5.24360000000000E+0002  1.34632000000000E+0005
 5.24340000000000E+0002  1.34387000000000E+0005
 5.24320000000000E+0002  1.32408000000000E+0005
 5.24300000000000E+0002  1.31778000000000E+0005
 5.24280000000000E+0002  1.32390000000000E+0005
 5.24260000000000E+0002  1.32287000000000E+0005
 5.24240000000000E+0002  1.32547000000000E+0005
 5.24220000000000E+0002  1.33911000000000E+0005
 5.24200000000000E+0002  1.34893000000000E+0005
 5.24180000000000E+0002  1.35428000000000E+0005
 5.24160000000000E+0002  1.35176000000000E+0005
 5.24140000000000E+0002  1.33863000000000E+0005
 5.24120000000000E+0002  1.33400000000000E+0005
 5.24100000000000E+0002  1.31743000000000E+0005
 5.24080000000000E+0002  1.32139000000000E+0005
 5.24060000000000E+0002  1.31534000000000E+0005
 5.24040000000000E+0002  1.30865000000000E+0005
 5.24020000000000E+0002  1.30313000000000E+0005
 5.24000000000000E+0002  1.31983000000000E+0005
 5.23980000000000E+0002  1.31309000000000E+0005
 5.23960000000000E+0002  1.32146000000000E+0005
 5.23940000000000E+0002  1.31605000000000E+0005
 5.23920000000000E+0002  1.29158000000000E+0005
 5.23900000000000E+0002  1.30071000000000E+0005
 5.23880000000000E+0002  1.30227000000000E+0005
 5.23860000000000E+0002  1.32264000000000E+0005
 5.23840000000000E+0002  1.31587000000000E+0005
 5.23820000000000E+0002  1.30355000000000E+0005
 5.23800000000000E+0002  1.30533000000000E+0005
 5.23780000000000E+0002  1.30270000000000E+0005
 5.23760000000000E+0002  1.30035000000000E+0005
 5.23740000000000E+0002  1.29403000000000E+0005
 5.23720000000000E+0002  1.30068000000000E+0005
 5.23700000000000E+0002  1.29475000000000E+0005
 5.23680000000000E+0002  1.27605000000000E+0005
 5.23660000000000E+0002  1.27934000000000E+0005
 5.23640000000000E+0002  1.29676000000000E+0005
 5.23620000000000E+0002  1.29642000000000E+0005
 5.23600000000000E+0002  1.30813000000000E+0005
 5.23580000000000E+0002  1.32133000000000E+0005
 5.23560000000000E+0002  1.30996000000000E+0005
 5.23540000000000E+0002  1.30211000000000E+0005
 5.23520000000000E+0002  1.30493000000000E+0005
 5.23500000000000E+0002  1.29404000000000E+0005
 5.23480000000000E+0002  1.26943000000000E+0005
 5.23460000000000E+0002  1.27426000000000E+0005
 5.23440000000000E+0002  1.29254000000000E+0005
 5.23420000000000E+0002  1.27079000000000E+0005
 5.23400000000000E+0002  1.28119000000000E+0005
 5.23380000000000E+0002  1.29208000000000E+0005
 5.23360000000000E+0002  1.29214000000000E+0005
 5.23340000000000E+0002  1.28449000000000E+0005
 5.23320000000000E+0002  1.26494000000000E+0005
 5.23300000000000E+0002  1.26301000000000E+0005
 5.23280000000000E+0002  1.27905000000000E+0005
 5.23260000000000E+0002  1.26467000000000E+0005
 5.23240000000000E+0002  1.26339000000000E+0005
 5.23220000000000E+0002  1.26823000000000E+0005
 5.23200000000000E+0002  1.27419000000000E+0005
 5.23180000000000E+0002  1.27690000000000E+0005
 5.23160000000000E+0002  1.29570000000000E+0005
 5.23140000000000E+0002  1.29230000000000E+0005
 5.23120000000000E+0002  1.25237000000000E+0005
 5.23100000000000E+0002  1.26612000000000E+0005
 5.23080000000000E+0002  1.29800000000000E+0005
 5.23060000000000E+0002  1.29722000000000E+0005
 5.23040000000000E+0002  1.27985000000000E+0005
 5.23020000000000E+0002  1.29028000000000E+0005
 5.23000000000000E+0002  1.29590000000000E+0005
 5.22980000000000E+0002  1.29860000000000E+0005
 5.22960000000000E+0002  1.29905000000000E+0005
 5.22940000000000E+0002  1.29376000000000E+0005
 5.22920000000000E+0002  1.27806000000000E+0005
 5.22900000000000E+0002  1.29234000000000E+0005
 5.22880000000000E+0002  1.29950000000000E+0005
 5.22860000000000E+0002  1.28512000000000E+0005
 5.22840000000000E+0002  1.29599000000000E+0005
 5.22820000000000E+0002  1.29870000000000E+0005
 5.22800000000000E+0002  1.29293000000000E+0005
 5.22780000000000E+0002  1.30313000000000E+0005
 5.22760000000000E+0002  1.29351000000000E+0005
 5.22740000000000E+0002  1.28529000000000E+0005
 5.22720000000000E+0002  1.29372000000000E+0005
 5.22700000000000E+0002  1.29750000000000E+0005
 5.22680000000000E+0002  1.31135000000000E+0005
 5.22660000000000E+0002  1.30264000000000E+0005
 5.22640000000000E+0002  1.30100000000000E+0005
 5.22620000000000E+0002  1.27834000000000E+0005
 5.22600000000000E+0002  1.28740000000000E+0005
 5.22580000000000E+0002  1.28521000000000E+0005
 5.22560000000000E+0002  1.27847000000000E+0005
 5.22540000000000E+0002  1.28544000000000E+0005
 5.22520000000000E+0002  1.28576000000000E+0005
 5.22500000000000E+0002  1.28863000000000E+0005
 5.22480000000000E+0002  1.27029000000000E+0005
 5.22460000000000E+0002  1.26178000000000E+0005
 5.22440000000000E+0002  1.27983000000000E+0005
 5.22420000000000E+0002  1.30175000000000E+0005
 5.22400000000000E+0002  1.29466000000000E+0005
 5.22380000000000E+0002  1.29781000000000E+0005
 5.22360000000000E+0002  1.27242000000000E+0005
 5.22340000000000E+0002  1.26985000000000E+0005
 5.22320000000000E+0002  1.29324000000000E+0005
 5.22300000000000E+0002  1.29376000000000E+0005
 5.22280000000000E+0002  1.29011000000000E+0005
 5.22260000000000E+0002  1.29465000000000E+0005
 5.22240000000000E+0002  1.27869000000000E+0005
 5.22220000000000E+0002  1.29660000000000E+0005
 5.22200000000000E+0002  1.29612000000000E+0005
 5.22180000000000E+0002  1.28330000000000E+0005
 5.22160000000000E+0002  1.28285000000000E+0005
 5.22140000000000E+0002  1.28591000000000E+0005
 5.22120000000000E+0002  1.29174000000000E+0005
 5.22100000000000E+0002  1.29726000000000E+0005
 5.22080000000000E+0002  1.28508000000000E+0005
 5.22060000000000E+0002  1.28864000000000E+0005
 5.22040000000000E+0002  1.30808000000000E+0005
 5.22020000000000E+0002  1.28618000000000E+0005
 5.22000000000000E+0002  1.29300000000000E+0005
 5.21980000000000E+0002  1.29543000000000E+0005
 5.21960000000000E+0002  1.27612000000000E+0005
 5.21940000000000E+0002  1.26701000000000E+0005
 5.21920000000000E+0002  1.27783000000000E+0005
 5.21900000000000E+0002  1.26771000000000E+0005
 5.21880000000000E+0002  1.25310000000000E+0005
 5.21860000000000E+0002  1.25947000000000E+0005
 5.21840000000000E+0002  1.27885000000000E+0005
 5.21820000000000E+0002  1.27732000000000E+0005
 5.21800000000000E+0002  1.26926000000000E+0005
 5.21780000000000E+0002  1.28598000000000E+0005
 5.21760000000000E+0002  1.29613000000000E+0005
 5.21740000000000E+0002  1.28746000000000E+0005
 5.21720000000000E+0002  1.29568000000000E+0005
 5.21700000000000E+0002  1.27822000000000E+0005
 5.21680000000000E+0002  1.26983000000000E+0005
 5.21660000000000E+0002  1.26660000000000E+0005
 5.21640000000000E+0002  1.26519000000000E+0005
 5.21620000000000E+0002  1.27532000000000E+0005
 5.21600000000000E+0002  1.26714000000000E+0005
 5.21580000000000E+0002  1.25975000000000E+0005
 5.21560000000000E+0002  1.26904000000000E+0005
 5.21540000000000E+0002  1.25210000000000E+0005
 5.21520000000000E+0002  1.24346000000000E+0005
 5.21500000000000E+0002  1.25458000000000E+0005
 5.21480000000000E+0002  1.26134000000000E+0005
 5.21460000000000E+0002  1.26194000000000E+0005
 5.21440000000000E+0002  1.23584000000000E+0005
 5.21420000000000E+0002  1.24219000000000E+0005
 5.21400000000000E+0002  1.25608000000000E+0005
 5.21380000000000E+0002  1.27064000000000E+0005
 5.21360000000000E+0002  1.25207000000000E+0005
 5.21340000000000E+0002  1.23820000000000E+0005
 5.21320000000000E+0002  1.24927000000000E+0005
 5.21300000000000E+0002  1.26362000000000E+0005
 5.21280000000000E+0002  1.25295000000000E+0005
 5.21260000000000E+0002  1.25391000000000E+0005
 5.21240000000000E+0002  1.24731000000000E+0005
 5.21220000000000E+0002  1.25910000000000E+0005
 5.21200000000000E+0002  1.26946000000000E+0005
 5.21180000000000E+0002  1.27746000000000E+0005
 5.21160000000000E+0002  1.27288000000000E+0005
 5.21140000000000E+0002  1.25750000000000E+0005
 5.21120000000000E+0002  1.26128000000000E+0005
 5.21100000000000E+0002  1.25413000000000E+0005
 5.21080000000000E+0002  1.23692000000000E+0005
 5.21060000000000E+0002  1.22003000000000E+0005
 5.21040000000000E+0002  1.24105000000000E+0005
 5.21020000000000E+0002  1.23841000000000E+0005
 5.21000000000000E+0002  1.24152000000000E+0005
 5.20980000000000E+0002  1.26832000000000E+0005
 5.20960000000000E+0002  1.27038000000000E+0005
 5.20940000000000E+0002  1.27841000000000E+0005
 5.20920000000000E+0002  1.27787000000000E+0005
 5.20900000000000E+0002  1.25683000000000E+0005
 5.20880000000000E+0002  1.24149000000000E+0005
 5.20860000000000E+0002  1.24864000000000E+0005
 5.20840000000000E+0002  1.23730000000000E+0005
 5.20820000000000E+0002  1.24786000000000E+0005
 5.20800000000000E+0002  1.25644000000000E+0005
 5.20780000000000E+0002  1.26209000000000E+0005
 5.20760000000000E+0002  1.24689000000000E+0005
 5.20740000000000E+0002  1.24405000000000E+0005
 5.20720000000000E+0002  1.24024000000000E+0005
 5.20700000000000E+0002  1.24846000000000E+0005
 5.20680000000000E+0002  1.26400000000000E+0005
 5.20660000000000E+0002  1.27054000000000E+0005
 5.20640000000000E+0002  1.24850000000000E+0005
 5.20620000000000E+0002  1.25514000000000E+0005
 5.20600000000000E+0002  1.24025000000000E+0005
 5.20580000000000E+0002  1.24847000000000E+0005
 5.20560000000000E+0002  1.23650000000000E+0005
 5.20540000000000E+0002  1.23980000000000E+0005
 5.20520000000000E+0002  1.25662000000000E+0005
 5.20500000000000E+0002  1.25206000000000E+0005
 5.20480000000000E+0002  1.25169000000000E+0005
 5.20460000000000E+0002  1.26358000000000E+0005
 5.20440000000000E+0002  1.24231000000000E+0005
 5.20420000000000E+0002  1.23664000000000E+0005
 5.20400000000000E+0002  1.24306000000000E+0005
 5.20380000000000E+0002  1.22190000000000E+0005
 5.20360000000000E+0002  1.23166000000000E+0005
 5.20340000000000E+0002  1.23706000000000E+0005
 5.20320000000000E+0002  1.23483000000000E+0005
 5.20300000000000E+0002  1.24406000000000E+0005
 5.20280000000000E+0002  1.25096000000000E+0005
 5.20260000000000E+0002  1.26252000000000E+0005
 5.20240000000000E+0002  1.25916000000000E+0005
 5.20220000000000E+0002  1.24204000000000E+0005
 5.20200000000000E+0002  1.24648000000000E+0005
 5.20180000000000E+0002  1.24793000000000E+0005
 5.20160000000000E+0002  1.27237000000000E+0005
 5.20140000000000E+0002  1.27954000000000E+0005
 5.20120000000000E+0002  1.24920000000000E+0005
 5.20100000000000E+0002  1.22635000000000E+0005
 5.20080000000000E+0002  1.23457000000000E+0005
 5.20060000000000E+0002  1.23671000000000E+0005
 5.20040000000000E+0002  1.23224000000000E+0005
 5.20020000000000E+0002  1.23707000000000E+0005
 5.20000000000000E+0002  1.23084000000000E+0005